0.00 -0.33000 -3.14 -1.53750 0.00 0.00 0.00
0.00 -0.33000 -3.14 -1.02500 0.00 0.00 0.00
0.00 -0.33000 -3.14 -0.51250 0.00 0.00 0.00
0.00 -0.33000 -3.14  0.00000 0.00 0.00 0.00
0.00 -0.15444 -3.14 -1.53750 0.00 0.00 0.00
0.00 -0.15444 -3.14 -1.02500 0.00 0.00 0.00
0.00 -0.15444 -3.14 -0.51250 0.00 0.00 0.00
0.00 -0.15444 -3.14  0.00000 0.00 0.00 0.00
0.00  0.02111 -3.14 -1.53750 0.00 0.00 0.00
0.00  0.02111 -3.14 -1.02500 0.00 0.00 0.00
0.00  0.02111 -3.14 -0.51250 0.00 0.00 0.00
0.00  0.02111 -3.14  0.00000 0.00 0.00 0.00
0.00  0.19667 -3.14 -1.02500 0.00 0.00 0.00
0.00  0.19667 -3.14 -0.51250 0.00 0.00 0.00
0.00  0.19667 -3.14  0.00000 0.00 0.00 0.00
0.00  0.37222 -3.14 -1.02500 0.00 0.00 0.00
0.00  0.37222 -3.14 -0.51250 0.00 0.00 0.00
0.00  0.37222 -3.14  0.00000 0.00 0.00 0.00
0.00  0.54778 -3.14 -0.51250 0.00 0.00 0.00
0.00  0.54778 -3.14  0.00000 0.00 0.00 0.00
0.00  0.72333 -3.14 -0.51250 0.00 0.00 0.00
0.00  0.72333 -3.14  0.00000 0.00 0.00 0.00
0.00  0.89889 -3.14 -0.51250 0.00 0.00 0.00
0.00  0.89889 -3.14  0.00000 0.00 0.00 0.00
0.00  1.07444 -3.14  0.00000 0.00 0.00 0.00
0.00  1.25000 -3.14  0.00000 0.00 0.00 0.00
0.00 -0.33000 0.0 -2.05000 0.00 0.00 0.00
0.00 -0.33000 0.0 -1.53750 0.00 0.00 0.00
0.00 -0.33000 0.0 -1.02500 0.00 0.00 0.00
0.00 -0.33000 0.0 -0.51250 0.00 0.00 0.00
0.00 -0.33000 0.0  0.00000 0.00 0.00 0.00
0.00 -0.15444 0.0 -2.05000 0.00 0.00 0.00
0.00 -0.15444 0.0 -1.53750 0.00 0.00 0.00
0.00 -0.15444 0.0 -1.02500 0.00 0.00 0.00
0.00 -0.15444 0.0 -0.51250 0.00 0.00 0.00
0.00 -0.15444 0.0  0.00000 0.00 0.00 0.00
0.00  0.02111 0.0 -2.05000 0.00 0.00 0.00
0.00  0.02111 0.0 -1.53750 0.00 0.00 0.00
0.00  0.02111 0.0 -1.02500 0.00 0.00 0.00
0.00  0.02111 0.0 -0.51250 0.00 0.00 0.00
0.00  0.02111 0.0  0.00000 0.00 0.00 0.00
0.00  0.19667 0.0 -2.05000 0.00 0.00 0.00
0.00  0.19667 0.0 -1.53750 0.00 0.00 0.00
0.00  0.19667 0.0 -1.02500 0.00 0.00 0.00
0.00  0.19667 0.0 -0.51250 0.00 0.00 0.00
0.00  0.19667 0.0  0.00000 0.00 0.00 0.00
0.00  0.37222 0.0 -2.05000 0.00 0.00 0.00
0.00  0.37222 0.0 -1.53750 0.00 0.00 0.00
0.00  0.37222 0.0 -1.02500 0.00 0.00 0.00
0.00  0.37222 0.0 -0.51250 0.00 0.00 0.00
0.00  0.37222 0.0  0.00000 0.00 0.00 0.00
0.00  0.54778 0.0 -2.05000 0.00 0.00 0.00
0.00  0.54778 0.0 -1.53750 0.00 0.00 0.00
0.00  0.54778 0.0 -1.02500 0.00 0.00 0.00
0.00  0.54778 0.0 -0.51250 0.00 0.00 0.00
0.00  0.54778 0.0  0.00000 0.00 0.00 0.00
0.00  0.72333 0.0 -2.05000 0.00 0.00 0.00
0.00  0.72333 0.0 -1.53750 0.00 0.00 0.00
0.00  0.72333 0.0 -1.02500 0.00 0.00 0.00
0.00  0.72333 0.0 -0.51250 0.00 0.00 0.00
0.00  0.72333 0.0  0.00000 0.00 0.00 0.00
0.00  0.89889 0.0 -2.05000 0.00 0.00 0.00
0.00  0.89889 0.0 -1.53750 0.00 0.00 0.00
0.00  0.89889 0.0 -1.02500 0.00 0.00 0.00
0.00  0.89889 0.0 -0.51250 0.00 0.00 0.00
0.00  0.89889 0.0  0.00000 0.00 0.00 0.00
0.00  1.07444 0.0 -2.05000 0.00 0.00 0.00
0.00  1.07444 0.0 -1.53750 0.00 0.00 0.00
0.00  1.07444 0.0 -1.02500 0.00 0.00 0.00
0.00  1.07444 0.0 -0.51250 0.00 0.00 0.00
0.00  1.07444 0.0  0.00000 0.00 0.00 0.00
0.00  1.25000 0.0 -2.05000 0.00 0.00 0.00
0.00  1.25000 0.0 -1.53750 0.00 0.00 0.00
0.00  1.25000 0.0 -1.02500 0.00 0.00 0.00
0.00  1.25000 0.0 -0.51250 0.00 0.00 0.00
0.00  1.25000 0.0  0.00000 0.00 0.00 0.00
